{
  "frames": [
    {
      "file_path": "images/00000001.jpg",
      "frame_id": 1,
      "transform_matrix": [
        [
          0.00036372607282969576,
          0.15787395830633136,
          -0.9874592047229267,
          -4.50567292970139
        ],
        [
          -0.9997769009194646,
          -0.02079683551418466,
          -0.003693239833407136,
          -0.1529851160774886
        ],
        [
          -0.021119093049064907,
          0.9872402468099074,
          0.15783117242008388,
          0.5546259559831219
        ],
        [
          0.0,
          0.0,
          0.0,
          1.0
        ]
      ],
      "fl_x": 1363.3857148293177,
      "fl_y": 1358.910370855899,
      "k1": 0,
      "k2": 0,
      "p1": 0,
      "p2": 0,
      "cx": 960.0,
      "cy": 720.0,
      "w": 1920,
      "h": 1440,
      "mask_path": "masks/00000001.jpg"
    },
    {
      "file_path": "images/00000002.jpg",
      "frame_id": 2,
      "transform_matrix": [
        [
          0.009161088351596555,
          0.16194130640137122,
          -0.986757866825105,
          -4.506803397884603
        ],
        [
          -0.9997411651676074,
          -0.019067575400417838,
          -0.012410891896389975,
          -0.12799914319425548
        ],
        [
          -0.02082491607495061,
          0.9866161567952182,
          0.16172471060757734,
          0.5536043183930058
        ],
        [
          0.0,
          0.0,
          0.0,
          1.0
        ]
      ],
      "fl_x": 1363.3857148293177,
      "fl_y": 1358.910370855899,
      "k1": 0,
      "k2": 0,
      "p1": 0,
      "p2": 0,
      "cx": 960.0,
      "cy": 720.0,
      "w": 1920,
      "h": 1440,
      "mask_path": "masks/00000002.jpg"
    },
    {
      "file_path": "images/00000003.jpg",
      "frame_id": 3,
      "transform_matrix": [
        [
          0.06773624960581114,
          0.2101061466981728,
          -0.9753292816320984,
          -4.515174267342964
        ],
        [
          -0.9966666037482724,
          -0.0303024710879249,
          -0.07574589902331354,
          -0.15387114325802687
        ],
        [
          -0.04546956632984067,
          0.9772088657833655,
          0.20735320391101966,
          0.5519258020679625
        ],
        [
          0.0,
          0.0,
          0.0,
          1.0
        ]
      ],
      "fl_x": 1363.3857148293177,
      "fl_y": 1358.910370855899,
      "k1": 0,
      "k2": 0,
      "p1": 0,
      "p2": 0,
      "cx": 960.0,
      "cy": 720.0,
      "w": 1920,
      "h": 1440,
      "mask_path": "masks/00000003.jpg"
    },
    {
      "file_path": "images/00000004.jpg",
      "frame_id": 4,
      "transform_matrix": [
        [
          0.21504976002078763,
          0.2165705516596606,
          -0.9522871399262053,
          -4.517478379868152
        ],
        [
          -0.9766030831314727,
          0.0475525665986701,
          -0.20972642043381404,
          -0.4361621145447341
        ],
        [
          -0.00013686892855896375,
          0.9751081732626945,
          0.22172963650172495,
          0.5520074290717739
        ],
        [
          0.0,
          0.0,
          0.0,
          1.0
        ]
      ],
      "fl_x": 1363.3857148293177,
      "fl_y": 1358.910370855899,
      "k1": 0,
      "k2": 0,
      "p1": 0,
      "p2": 0,
      "cx": 960.0,
      "cy": 720.0,
      "w": 1920,
      "h": 1440,
      "mask_path": "masks/00000004.jpg"
    },
    {
      "file_path": "images/00000005.jpg",
      "frame_id": 5,
      "transform_matrix": [
        [
          0.22334900459624696,
          0.22335898839262328,
          -0.9488023948378765,
          -4.435585503160226
        ],
        [
          -0.9738899324801876,
          0.09174388627233022,
          -0.20765707005875192,
          -0.847494477118371
        ],
        [
          0.04066474590602167,
          0.9704091001406953,
          0.2380179758012511,
          0.543598527693334
        ],
        [
          0.0,
          0.0,
          0.0,
          1.0
        ]
      ],
      "fl_x": 1363.3857148293177,
      "fl_y": 1358.910370855899,
      "k1": 0,
      "k2": 0,
      "p1": 0,
      "p2": 0,
      "cx": 960.0,
      "cy": 720.0,
      "w": 1920,
      "h": 1440,
      "mask_path": "masks/00000005.jpg"
    },
    {
      "file_path": "images/00000006.jpg",
      "frame_id": 6,
      "transform_matrix": [
        [
          0.2656350720478012,
          0.2086878851919313,
          -0.9412159024752391,
          -4.32499088556442
        ],
        [
          -0.9640736207817113,
          0.05724802428170566,
          -0.2593929787574875,
          -1.2833463929206532
        ],
        [
          -0.00024942133130579703,
          0.9763052956375688,
          0.21639756814492858,
          0.5565458508670797
        ],
        [
          0.0,
          0.0,
          0.0,
          1.0
        ]
      ],
      "fl_x": 1363.3857148293177,
      "fl_y": 1358.910370855899,
      "k1": 0,
      "k2": 0,
      "p1": 0,
      "p2": 0,
      "cx": 960.0,
      "cy": 720.0,
      "w": 1920,
      "h": 1440,
      "mask_path": "masks/00000006.jpg"
    },
    {
      "file_path": "images/00000007.jpg",
      "frame_id": 7,
      "transform_matrix": [
        [
          0.3922094416962398,
          0.20701126227606687,
          -0.8962801409911931,
          -4.235969771002857
        ],
        [
          -0.9196552365322843,
          0.1095852900501236,
          -0.37712771062781675,
          -1.7791805239229939
        ],
        [
          0.020149435800337998,
          0.972181773895962,
          0.23335937680202273,
          0.5725921638470095
        ],
        [
          0.0,
          0.0,
          0.0,
          1.0
        ]
      ],
      "fl_x": 1363.3857148293177,
      "fl_y": 1358.910370855899,
      "k1": 0,
      "k2": 0,
      "p1": 0,
      "p2": 0,
      "cx": 960.0,
      "cy": 720.0,
      "w": 1920,
      "h": 1440,
      "mask_path": "masks/00000007.jpg"
    },
    {
      "file_path": "images/00000008.jpg",
      "frame_id": 8,
      "transform_matrix": [
        [
          0.42536972511106347,
          0.2201587555411976,
          -0.8778329677777482,
          -4.041155962748166
        ],
        [
          -0.9050180524138047,
          0.10164501010241196,
          -0.4130503803731505,
          -2.1807757039713898
        ],
        [
          -0.001709316840771605,
          0.9701538095991953,
          0.24248435816791578,
          0.5827754574626633
        ],
        [
          0.0,
          0.0,
          0.0,
          1.0
        ]
      ],
      "fl_x": 1363.3857148293177,
      "fl_y": 1358.910370855899,
      "k1": 0,
      "k2": 0,
      "p1": 0,
      "p2": 0,
      "cx": 960.0,
      "cy": 720.0,
      "w": 1920,
      "h": 1440,
      "mask_path": "masks/00000008.jpg"
    },
    {
      "file_path": "images/00000009.jpg",
      "frame_id": 9,
      "transform_matrix": [
        [
          0.5739414415591804,
          0.22628200305455287,
          -0.7870118657012671,
          -3.8824067611915063
        ],
        [
          -0.8183894283898896,
          0.1246858886239701,
          -0.5609743066110253,
          -2.626036574150848
        ],
        [
          -0.028809115929510385,
          0.9660485931213142,
          0.25674919779366356,
          0.5820356778028405
        ],
        [
          0.0,
          0.0,
          0.0,
          1.0
        ]
      ],
      "fl_x": 1363.3857148293177,
      "fl_y": 1358.910370855899,
      "k1": 0,
      "k2": 0,
      "p1": 0,
      "p2": 0,
      "cx": 960.0,
      "cy": 720.0,
      "w": 1920,
      "h": 1440,
      "mask_path": "masks/00000009.jpg"
    },
    {
      "file_path": "images/00000010.jpg",
      "frame_id": 10,
      "transform_matrix": [
        [
          0.6045685715191108,
          0.23077623921030727,
          -0.7623904313062232,
          -3.65694319782004
        ],
        [
          -0.7956185226897603,
          0.12859914427745125,
          -0.5919910695644581,
          -2.9776896935678927
        ],
        [
          -0.038574715608875834,
          0.9644711439473211,
          0.2613568514668022,
          0.5741901348721375
        ],
        [
          0.0,
          0.0,
          0.0,
          1.0
        ]
      ],
      "fl_x": 1363.3857148293177,
      "fl_y": 1358.910370855899,
      "k1": 0,
      "k2": 0,
      "p1": 0,
      "p2": 0,
      "cx": 960.0,
      "cy": 720.0,
      "w": 1920,
      "h": 1440,
      "mask_path": "masks/00000010.jpg"
    },
    {
      "file_path": "images/00000011.jpg",
      "frame_id": 11,
      "transform_matrix": [
        [
          0.7208086961520656,
          0.19241883372645038,
          -0.6658902431924588,
          -3.4835116080117623
        ],
        [
          -0.6922737909203842,
          0.15200404399138692,
          -0.7054443769816189,
          -3.3227617768563946
        ],
        [
          -0.03452277445802354,
          0.9694688045716668,
          0.2427723522275616,
          0.5844968761123566
        ],
        [
          0.0,
          0.0,
          0.0,
          1.0
        ]
      ],
      "fl_x": 1363.3857148293177,
      "fl_y": 1358.910370855899,
      "k1": 0,
      "k2": 0,
      "p1": 0,
      "p2": 0,
      "cx": 960.0,
      "cy": 720.0,
      "w": 1920,
      "h": 1440,
      "mask_path": "masks/00000011.jpg"
    },
    {
      "file_path": "images/00000012.jpg",
      "frame_id": 12,
      "transform_matrix": [
        [
          0.7361738487291014,
          0.16934690022620655,
          -0.6552630707060771,
          -3.216087342875326
        ],
        [
          -0.6766743956574984,
          0.16608770544106316,
          -0.7173051208257765,
          -3.5796110870240017
        ],
        [
          -0.012642258854392355,
          0.9714610138781163,
          0.23686213670817186,
          0.6241166708476087
        ],
        [
          0.0,
          0.0,
          0.0,
          1.0
        ]
      ],
      "fl_x": 1363.3857148293177,
      "fl_y": 1358.910370855899,
      "k1": 0,
      "k2": 0,
      "p1": 0,
      "p2": 0,
      "cx": 960.0,
      "cy": 720.0,
      "w": 1920,
      "h": 1440,
      "mask_path": "masks/00000012.jpg"
    },
    {
      "file_path": "images/00000013.jpg",
      "frame_id": 13,
      "transform_matrix": [
        [
          0.7728431376480953,
          0.20135287734272392,
          -0.6018060346789929,
          -2.9228953556533694
        ],
        [
          -0.6328086472240501,
          0.173379076838358,
          -0.7546475413815023,
          -3.800205748007094
        ],
        [
          -0.0476098791083811,
          0.9640522363961844,
          0.261412671672206,
          0.6823596260871942
        ],
        [
          0.0,
          0.0,
          0.0,
          1.0
        ]
      ],
      "fl_x": 1363.3857148293177,
      "fl_y": 1358.910370855899,
      "k1": 0,
      "k2": 0,
      "p1": 0,
      "p2": 0,
      "cx": 960.0,
      "cy": 720.0,
      "w": 1920,
      "h": 1440,
      "mask_path": "masks/00000013.jpg"
    },
    {
      "file_path": "images/00000014.jpg",
      "frame_id": 14,
      "transform_matrix": [
        [
          0.8376988100453573,
          0.19432236656011023,
          -0.510391537452445,
          -2.568637013549481
        ],
        [
          -0.5423291320641248,
          0.18588767609767054,
          -0.8193441794444998,
          -4.03020335459395
        ],
        [
          -0.06434140317995471,
          0.9631638436577059,
          0.26110456546630695,
          0.6955289329931361
        ],
        [
          0.0,
          0.0,
          0.0,
          1.0
        ]
      ],
      "fl_x": 1363.3857148293177,
      "fl_y": 1358.910370855899,
      "k1": 0,
      "k2": 0,
      "p1": 0,
      "p2": 0,
      "cx": 960.0,
      "cy": 720.0,
      "w": 1920,
      "h": 1440,
      "mask_path": "masks/00000014.jpg"
    },
    {
      "file_path": "images/00000015.jpg",
      "frame_id": 15,
      "transform_matrix": [
        [
          0.8711777922107137,
          0.12217789185967842,
          -0.47552267779738033,
          -2.1231750860201997
        ],
        [
          -0.4905585262532876,
          0.1770803973288738,
          -0.8532261512647458,
          -4.120061107997947
        ],
        [
          -0.020039627717823538,
          0.9765833787355656,
          0.21420391616018153,
          0.6698975262633533
        ],
        [
          0.0,
          0.0,
          0.0,
          1.0
        ]
      ],
      "fl_x": 1363.3857148293177,
      "fl_y": 1358.910370855899,
      "k1": 0,
      "k2": 0,
      "p1": 0,
      "p2": 0,
      "cx": 960.0,
      "cy": 720.0,
      "w": 1920,
      "h": 1440,
      "mask_path": "masks/00000015.jpg"
    },
    {
      "file_path": "images/00000016.jpg",
      "frame_id": 16,
      "transform_matrix": [
        [
          0.9495269049356136,
          0.1446672469019204,
          -0.2783344112344228,
          -1.6656156437584988
        ],
        [
          -0.3049725385381591,
          0.21806744701318126,
          -0.9270589729303874,
          -4.2988443288791744
        ],
        [
          -0.07341939485575374,
          0.9651517892160656,
          0.25118044556064223,
          0.654765138298336
        ],
        [
          0.0,
          0.0,
          0.0,
          1.0
        ]
      ],
      "fl_x": 1363.3857148293177,
      "fl_y": 1358.910370855899,
      "k1": 0,
      "k2": 0,
      "p1": 0,
      "p2": 0,
      "cx": 960.0,
      "cy": 720.0,
      "w": 1920,
      "h": 1440,
      "mask_path": "masks/00000016.jpg"
    },
    {
      "file_path": "images/00000017.jpg",
      "frame_id": 17,
      "transform_matrix": [
        [
          0.9611974649321328,
          0.036154297596257864,
          -0.27348180958404256,
          -1.2130411187471624
        ],
        [
          -0.27511821638620476,
          0.19834947312332768,
          -0.940727087695561,
          -4.357398867749789
        ],
        [
          0.020233645754402757,
          0.9794643195527949,
          0.20059971660614512,
          0.6490034777939057
        ],
        [
          0.0,
          0.0,
          0.0,
          1.0
        ]
      ],
      "fl_x": 1363.3857148293177,
      "fl_y": 1358.910370855899,
      "k1": 0,
      "k2": 0,
      "p1": 0,
      "p2": 0,
      "cx": 960.0,
      "cy": 720.0,
      "w": 1920,
      "h": 1440,
      "mask_path": "masks/00000017.jpg"
    },
    {
      "file_path": "images/00000018.jpg",
      "frame_id": 18,
      "transform_matrix": [
        [
          0.9901950250704027,
          0.03793266282841846,
          -0.13444301921844165,
          -0.7237212347657596
        ],
        [
          -0.1391130274528757,
          0.1802464698799299,
          -0.9737344482397235,
          -4.440211284314936
        ],
        [
          -0.012703460895369842,
          0.9828897818100302,
          0.183756085327019,
          0.6324007708373779
        ],
        [
          0.0,
          0.0,
          0.0,
          1.0
        ]
      ],
      "fl_x": 1363.3857148293177,
      "fl_y": 1358.910370855899,
      "k1": 0,
      "k2": 0,
      "p1": 0,
      "p2": 0,
      "cx": 960.0,
      "cy": 720.0,
      "w": 1920,
      "h": 1440,
      "mask_path": "masks/00000018.jpg"
    },
    {
      "file_path": "images/00000019.jpg",
      "frame_id": 19,
      "transform_matrix": [
        [
          0.99632070467947,
          0.039552795362421705,
          -0.07603045314887068,
          -0.2719211999700057
        ],
        [
          -0.08239118103310714,
          0.1977979255768744,
          -0.9767741161217648,
          -4.466995571237615
        ],
        [
          -0.023595480816758132,
          0.9794445145165211,
          0.2003289701179597,
          0.6248182835010964
        ],
        [
          0.0,
          0.0,
          0.0,
          1.0
        ]
      ],
      "fl_x": 1363.3857148293177,
      "fl_y": 1358.910370855899,
      "k1": 0,
      "k2": 0,
      "p1": 0,
      "p2": 0,
      "cx": 960.0,
      "cy": 720.0,
      "w": 1920,
      "h": 1440,
      "mask_path": "masks/00000019.jpg"
    },
    {
      "file_path": "images/00000020.jpg",
      "frame_id": 20,
      "transform_matrix": [
        [
          0.9971568312629437,
          0.07336559313145645,
          -0.017197197740174676,
          0.1608301403358919
        ],
        [
          -0.030367948059932762,
          0.18238696135586158,
          -0.9827577443388602,
          -4.425470110207337
        ],
        [
          -0.06896406017828635,
          0.9804858418518062,
          0.18409636697089007,
          0.6286463294295415
        ],
        [
          0.0,
          0.0,
          0.0,
          1.0
        ]
      ],
      "fl_x": 1363.3857148293177,
      "fl_y": 1358.910370855899,
      "k1": 0,
      "k2": 0,
      "p1": 0,
      "p2": 0,
      "cx": 960.0,
      "cy": 720.0,
      "w": 1920,
      "h": 1440,
      "mask_path": "masks/00000020.jpg"
    },
    {
      "file_path": "images/00000021.jpg",
      "frame_id": 21,
      "transform_matrix": [
        [
          0.9914812005580562,
          0.042540294266794725,
          0.123107076578277,
          0.6403368589861457
        ],
        [
          0.11213179160333159,
          0.20209900326198604,
          -0.9729246909151492,
          -4.404663066986293
        ],
        [
          -0.06626832012192753,
          0.9784407576568989,
          0.19560724297431184,
          0.6280872478304493
        ],
        [
          0.0,
          0.0,
          0.0,
          1.0
        ]
      ],
      "fl_x": 1363.3857148293177,
      "fl_y": 1358.910370855899,
      "k1": 0,
      "k2": 0,
      "p1": 0,
      "p2": 0,
      "cx": 960.0,
      "cy": 720.0,
      "w": 1920,
      "h": 1440,
      "mask_path": "masks/00000021.jpg"
    },
    {
      "file_path": "images/00000022.jpg",
      "frame_id": 22,
      "transform_matrix": [
        [
          0.9958024195334342,
          -0.018871573594701076,
          0.0895622965394354,
          1.0876262766729021
        ],
        [
          0.09136257244450904,
          0.1459772386914313,
          -0.9850601637160781,
          -4.289772970297661
        ],
        [
          0.0055155786350863335,
          0.9891079362203522,
          0.1470886429954247,
          0.6471367509962119
        ],
        [
          0.0,
          0.0,
          0.0,
          1.0
        ]
      ],
      "fl_x": 1363.3857148293177,
      "fl_y": 1358.910370855899,
      "k1": 0,
      "k2": 0,
      "p1": 0,
      "p2": 0,
      "cx": 960.0,
      "cy": 720.0,
      "w": 1920,
      "h": 1440,
      "mask_path": "masks/00000022.jpg"
    },
    {
      "file_path": "images/00000023.jpg",
      "frame_id": 23,
      "transform_matrix": [
        [
          0.9713341831613355,
          -0.03638241820434204,
          0.23491748395533638,
          1.517594418236984
        ],
        [
          0.2377125525334808,
          0.155421254496675,
          -0.958820617226547,
          -4.226000242389636
        ],
        [
          -0.0016269573806593281,
          0.9871780757777614,
          0.15961453478113258,
          0.662874163392944
        ],
        [
          0.0,
          0.0,
          0.0,
          1.0
        ]
      ],
      "fl_x": 1363.3857148293177,
      "fl_y": 1358.910370855899,
      "k1": 0,
      "k2": 0,
      "p1": 0,
      "p2": 0,
      "cx": 960.0,
      "cy": 720.0,
      "w": 1920,
      "h": 1440,
      "mask_path": "masks/00000023.jpg"
    },
    {
      "file_path": "images/00000024.jpg",
      "frame_id": 24,
      "transform_matrix": [
        [
          0.9527880011659692,
          -0.015912888437544397,
          0.3032190706662946,
          1.9450234356639757
        ],
        [
          0.30308144440700296,
          0.11018793962043037,
          -0.9465729005303125,
          -4.037038794547328
        ],
        [
          -0.01834837568619911,
          0.9937833757634399,
          0.10980864795588477,
          0.6322690276166401
        ],
        [
          0.0,
          0.0,
          0.0,
          1.0
        ]
      ],
      "fl_x": 1363.3857148293177,
      "fl_y": 1358.910370855899,
      "k1": 0,
      "k2": 0,
      "p1": 0,
      "p2": 0,
      "cx": 960.0,
      "cy": 720.0,
      "w": 1920,
      "h": 1440,
      "mask_path": "masks/00000024.jpg"
    },
    {
      "file_path": "images/00000025.jpg",
      "frame_id": 25,
      "transform_matrix": [
        [
          0.9411473290679172,
          -0.021972816772060432,
          0.3372816335222348,
          2.3021352941308604
        ],
        [
          0.3375249132707701,
          0.11379839312236718,
          -0.9344125741043546,
          -3.8716788213880924
        ],
        [
          -0.017850431644213207,
          0.9932608524682066,
          0.11451742681464086,
          0.6610362242958037
        ],
        [
          0.0,
          0.0,
          0.0,
          1.0
        ]
      ],
      "fl_x": 1363.3857148293177,
      "fl_y": 1358.910370855899,
      "k1": 0,
      "k2": 0,
      "p1": 0,
      "p2": 0,
      "cx": 960.0,
      "cy": 720.0,
      "w": 1920,
      "h": 1440,
      "mask_path": "masks/00000025.jpg"
    },
    {
      "file_path": "images/00000026.jpg",
      "frame_id": 26,
      "transform_matrix": [
        [
          0.8863025451522463,
          -0.052101528590379184,
          0.4601665233099819,
          2.6744568333611327
        ],
        [
          0.4630172954035237,
          0.11921558796992232,
          -0.8782952964363362,
          -3.647890244478334
        ],
        [
          -0.00909849514240103,
          0.9915004156850021,
          0.12978498789387033,
          0.6640149715860362
        ],
        [
          0.0,
          0.0,
          0.0,
          1.0
        ]
      ],
      "fl_x": 1363.3857148293177,
      "fl_y": 1358.910370855899,
      "k1": 0,
      "k2": 0,
      "p1": 0,
      "p2": 0,
      "cx": 960.0,
      "cy": 720.0,
      "w": 1920,
      "h": 1440,
      "mask_path": "masks/00000026.jpg"
    },
    {
      "file_path": "images/00000027.jpg",
      "frame_id": 27,
      "transform_matrix": [
        [
          0.8708408715655405,
          -0.039776066140705654,
          0.48995310078959614,
          2.9647114560864254
        ],
        [
          0.48994008015041235,
          0.15120947647562913,
          -0.8585420269772317,
          -3.3165653201559815
        ],
        [
          -0.039936127418384086,
          0.987701148519296,
          0.15116728131605137,
          0.6502999929510911
        ],
        [
          0.0,
          0.0,
          0.0,
          1.0
        ]
      ],
      "fl_x": 1363.3857148293177,
      "fl_y": 1358.910370855899,
      "k1": 0,
      "k2": 0,
      "p1": 0,
      "p2": 0,
      "cx": 960.0,
      "cy": 720.0,
      "w": 1920,
      "h": 1440,
      "mask_path": "masks/00000027.jpg"
    },
    {
      "file_path": "images/00000028.jpg",
      "frame_id": 28,
      "transform_matrix": [
        [
          0.7472781091538736,
          -0.11218884295181343,
          0.6549725880497173,
          3.2667006344724374
        ],
        [
          0.6642696104393897,
          0.152704122719135,
          -0.7317290041752347,
          -2.995363892771039
        ],
        [
          -0.017925184130511272,
          0.9818834525653808,
          0.18863608708880322,
          0.6511000266508034
        ],
        [
          0.0,
          0.0,
          0.0,
          1.0
        ]
      ],
      "fl_x": 1363.3857148293177,
      "fl_y": 1358.910370855899,
      "k1": 0,
      "k2": 0,
      "p1": 0,
      "p2": 0,
      "cx": 960.0,
      "cy": 720.0,
      "w": 1920,
      "h": 1440,
      "mask_path": "masks/00000028.jpg"
    },
    {
      "file_path": "images/00000029.jpg",
      "frame_id": 29,
      "transform_matrix": [
        [
          0.6951212248405934,
          -0.15404965202966717,
          0.7021931269142782,
          3.438747292109569
        ],
        [
          0.7180427379464751,
          0.10130020505917832,
          -0.6885876087596249,
          -2.6024806777502096
        ],
        [
          0.03494437377379893,
          0.9828565374277706,
          0.1810301565404233,
          0.6550827231112976
        ],
        [
          0.0,
          0.0,
          0.0,
          1.0
        ]
      ],
      "fl_x": 1363.3857148293177,
      "fl_y": 1358.910370855899,
      "k1": 0,
      "k2": 0,
      "p1": 0,
      "p2": 0,
      "cx": 960.0,
      "cy": 720.0,
      "w": 1920,
      "h": 1440,
      "mask_path": "masks/00000029.jpg"
    },
    {
      "file_path": "images/00000030.jpg",
      "frame_id": 30,
      "transform_matrix": [
        [
          0.573626817302712,
          -0.16778608248940965,
          0.8017481555912792,
          3.659718378997849
        ],
        [
          0.8190107097623176,
          0.10173505062337866,
          -0.5646870255011032,
          -2.184391515522378
        ],
        [
          0.013180734645148235,
          0.9805599471717759,
          0.19577655180510942,
          0.6509234476687257
        ],
        [
          0.0,
          0.0,
          0.0,
          1.0
        ]
      ],
      "fl_x": 1363.3857148293177,
      "fl_y": 1358.910370855899,
      "k1": 0,
      "k2": 0,
      "p1": 0,
      "p2": 0,
      "cx": 960.0,
      "cy": 720.0,
      "w": 1920,
      "h": 1440,
      "mask_path": "masks/00000030.jpg"
    },
    {
      "file_path": "images/00000031.jpg",
      "frame_id": 31,
      "transform_matrix": [
        [
          0.5787559135670806,
          -0.1411653789396563,
          0.8031898457400697,
          3.815188010900765
        ],
        [
          0.8153228453896845,
          0.07958658279281661,
          -0.5735107964328409,
          -1.7330122406610167
        ],
        [
          0.017036733748084537,
          0.986781795346968,
          0.16115656385953211,
          0.646452410314612
        ],
        [
          0.0,
          0.0,
          0.0,
          1.0
        ]
      ],
      "fl_x": 1363.3857148293177,
      "fl_y": 1358.910370855899,
      "k1": 0,
      "k2": 0,
      "p1": 0,
      "p2": 0,
      "cx": 960.0,
      "cy": 720.0,
      "w": 1920,
      "h": 1440,
      "mask_path": "masks/00000031.jpg"
    },
    {
      "file_path": "images/00000032.jpg",
      "frame_id": 32,
      "transform_matrix": [
        [
          0.5109172671174623,
          -0.12051061998910122,
          0.8511408441797786,
          3.9986014456257903
        ],
        [
          0.8596213898781186,
          0.06722137464581658,
          -0.5064902297722416,
          -1.2994449793166394
        ],
        [
          0.0038225940453094085,
          0.9904334794727856,
          0.13793806767602454,
          0.6393448076124942
        ],
        [
          0.0,
          0.0,
          0.0,
          1.0
        ]
      ],
      "fl_x": 1363.3857148293177,
      "fl_y": 1358.910370855899,
      "k1": 0,
      "k2": 0,
      "p1": 0,
      "p2": 0,
      "cx": 960.0,
      "cy": 720.0,
      "w": 1920,
      "h": 1440,
      "mask_path": "masks/00000032.jpg"
    },
    {
      "file_path": "images/00000033.jpg",
      "frame_id": 33,
      "transform_matrix": [
        [
          0.37772483162159387,
          -0.16737507492578454,
          0.91066433765138,
          4.17627990519848
        ],
        [
          0.9256320284725457,
          0.09269688269788297,
          -0.3668959468349237,
          -0.8438876691241769
        ],
        [
          -0.023006508692953346,
          0.981525787858721,
          0.18994164452820284,
          0.639260689001753
        ],
        [
          0.0,
          0.0,
          0.0,
          1.0
        ]
      ],
      "fl_x": 1363.3857148293177,
      "fl_y": 1358.910370855899,
      "k1": 0,
      "k2": 0,
      "p1": 0,
      "p2": 0,
      "cx": 960.0,
      "cy": 720.0,
      "w": 1920,
      "h": 1440,
      "mask_path": "masks/00000033.jpg"
    },
    {
      "file_path": "images/00000034.jpg",
      "frame_id": 34,
      "transform_matrix": [
        [
          0.2565413433607026,
          -0.17050521777406386,
          0.9513750626637769,
          4.248735585381851
        ],
        [
          0.9664565473759353,
          0.05765375146382717,
          -0.2502754222378496,
          -0.3948273146175363
        ],
        [
          -0.01217707603954003,
          0.9836686513526627,
          0.17957645492981794,
          0.6483137485752937
        ],
        [
          0.0,
          0.0,
          0.0,
          1.0
        ]
      ],
      "fl_x": 1363.3857148293177,
      "fl_y": 1358.910370855899,
      "k1": 0,
      "k2": 0,
      "p1": 0,
      "p2": 0,
      "cx": 960.0,
      "cy": 720.0,
      "w": 1920,
      "h": 1440,
      "mask_path": "masks/00000034.jpg"
    },
    {
      "file_path": "images/00000035.jpg",
      "frame_id": 35,
      "transform_matrix": [
        [
          0.021236664237561056,
          -0.15506102263172283,
          0.9876766086895371,
          4.336181924447237
        ],
        [
          0.9997723088735739,
          0.005350932302174121,
          -0.020656668005756215,
          0.05773457131922076
        ],
        [
          -0.0020819466044022733,
          0.9878904022126654,
          0.15513935256547404,
          0.6614140171955769
        ],
        [
          0.0,
          0.0,
          0.0,
          1.0
        ]
      ],
      "fl_x": 1363.3857148293177,
      "fl_y": 1358.910370855899,
      "k1": 0,
      "k2": 0,
      "p1": 0,
      "p2": 0,
      "cx": 960.0,
      "cy": 720.0,
      "w": 1920,
      "h": 1440,
      "mask_path": "masks/00000035.jpg"
    },
    {
      "file_path": "images/00000036.jpg",
      "frame_id": 36,
      "transform_matrix": [
        [
          -0.10161120543064375,
          -0.144878870915977,
          0.984218103721448,
          4.247903959584521
        ],
        [
          0.9947600026871509,
          -0.026035084456213945,
          0.09886714030059442,
          0.49782226956096653
        ],
        [
          0.011300441796281039,
          0.9891068128061142,
          0.146765162336773,
          0.6593538404461976
        ],
        [
          0.0,
          0.0,
          0.0,
          1.0
        ]
      ],
      "fl_x": 1363.3857148293177,
      "fl_y": 1358.910370855899,
      "k1": 0,
      "k2": 0,
      "p1": 0,
      "p2": 0,
      "cx": 960.0,
      "cy": 720.0,
      "w": 1920,
      "h": 1440,
      "mask_path": "masks/00000036.jpg"
    },
    {
      "file_path": "images/00000037.jpg",
      "frame_id": 37,
      "transform_matrix": [
        [
          -0.27278915622706995,
          -0.1703151380463652,
          0.9468784663287948,
          4.188241200979408
        ],
        [
          0.9611069385938058,
          -0.09235735365469573,
          0.2602759531972635,
          0.9741744837313803
        ],
        [
          0.043122254483803274,
          0.981051921652544,
          0.18888514549875296,
          0.6524756756284356
        ],
        [
          0.0,
          0.0,
          0.0,
          1.0
        ]
      ],
      "fl_x": 1363.3857148293177,
      "fl_y": 1358.910370855899,
      "k1": 0,
      "k2": 0,
      "p1": 0,
      "p2": 0,
      "cx": 960.0,
      "cy": 720.0,
      "w": 1920,
      "h": 1440,
      "mask_path": "masks/00000037.jpg"
    },
    {
      "file_path": "images/00000038.jpg",
      "frame_id": 38,
      "transform_matrix": [
        [
          -0.37550159473617084,
          -0.13477834631599292,
          0.9169696558310524,
          3.9950018126740194
        ],
        [
          0.9246414553238823,
          -0.12230002936008388,
          0.3606672731411256,
          1.3625312014050213
        ],
        [
          0.06353527718618414,
          0.9832992932891026,
          0.17054550234475788,
          0.6439766180030454
        ],
        [
          0.0,
          0.0,
          0.0,
          1.0
        ]
      ],
      "fl_x": 1363.3857148293177,
      "fl_y": 1358.910370855899,
      "k1": 0,
      "k2": 0,
      "p1": 0,
      "p2": 0,
      "cx": 960.0,
      "cy": 720.0,
      "w": 1920,
      "h": 1440,
      "mask_path": "masks/00000038.jpg"
    },
    {
      "file_path": "images/00000039.jpg",
      "frame_id": 39,
      "transform_matrix": [
        [
          -0.46168296038253054,
          -0.12354690436279844,
          0.8783991157297417,
          3.76031396738165
        ],
        [
          0.8868322528108941,
          -0.08597448995147493,
          0.45402306378854607,
          1.769545721708186
        ],
        [
          0.01942677190830293,
          0.9886073788415467,
          0.14925833656204768,
          0.6408538336730337
        ],
        [
          0.0,
          0.0,
          0.0,
          1.0
        ]
      ],
      "fl_x": 1363.3857148293177,
      "fl_y": 1358.910370855899,
      "k1": 0,
      "k2": 0,
      "p1": 0,
      "p2": 0,
      "cx": 960.0,
      "cy": 720.0,
      "w": 1920,
      "h": 1440,
      "mask_path": "masks/00000039.jpg"
    },
    {
      "file_path": "images/00000040.jpg",
      "frame_id": 40,
      "transform_matrix": [
        [
          -0.5921083242203291,
          -0.10114549504662713,
          0.7994856604222281,
          3.5051470149258632
        ],
        [
          0.8043836381852635,
          -0.1341736619338226,
          0.5787610828857684,
          2.1646605711633846
        ],
        [
          0.04873084248022786,
          0.9857824391188154,
          0.160805123413796,
          0.6370253313821489
        ],
        [
          0.0,
          0.0,
          0.0,
          1.0
        ]
      ],
      "fl_x": 1363.3857148293177,
      "fl_y": 1358.910370855899,
      "k1": 0,
      "k2": 0,
      "p1": 0,
      "p2": 0,
      "cx": 960.0,
      "cy": 720.0,
      "w": 1920,
      "h": 1440,
      "mask_path": "masks/00000040.jpg"
    },
    {
      "file_path": "images/00000041.jpg",
      "frame_id": 41,
      "transform_matrix": [
        [
          -0.6746754311116187,
          -0.08681601004864213,
          0.7329911616476597,
          3.2015423336685735
        ],
        [
          0.736727706605517,
          -0.14005170023378533,
          0.6615268759327932,
          2.5178358588686636
        ],
        [
          0.04522553453666382,
          0.9863308276946736,
          0.15844920121292183,
          0.6379604279301839
        ],
        [
          0.0,
          0.0,
          0.0,
          1.0
        ]
      ],
      "fl_x": 1363.3857148293177,
      "fl_y": 1358.910370855899,
      "k1": 0,
      "k2": 0,
      "p1": 0,
      "p2": 0,
      "cx": 960.0,
      "cy": 720.0,
      "w": 1920,
      "h": 1440,
      "mask_path": "masks/00000041.jpg"
    },
    {
      "file_path": "images/00000042.jpg",
      "frame_id": 42,
      "transform_matrix": [
        [
          -0.7308276716569176,
          -0.14890914239862152,
          0.6661208461312669,
          2.8922495885866546
        ],
        [
          0.6818800488815178,
          -0.20289399184960055,
          0.7027614296535297,
          2.833281689226077
        ],
        [
          0.03050431572526988,
          0.9678120144849623,
          0.24981871695429797,
          0.6365131694344186
        ],
        [
          0.0,
          0.0,
          0.0,
          1.0
        ]
      ],
      "fl_x": 1363.3857148293177,
      "fl_y": 1358.910370855899,
      "k1": 0,
      "k2": 0,
      "p1": 0,
      "p2": 0,
      "cx": 960.0,
      "cy": 720.0,
      "w": 1920,
      "h": 1440,
      "mask_path": "masks/00000042.jpg"
    },
    {
      "file_path": "images/00000043.jpg",
      "frame_id": 43,
      "transform_matrix": [
        [
          -0.8089255557960823,
          -0.07053004661540971,
          0.5836651074926678,
          2.444655565527382
        ],
        [
          0.5847439263851546,
          -0.19943244468257582,
          0.786321334165368,
          3.000764272950711
        ],
        [
          0.060942478909806586,
          0.9773700489233131,
          0.20256801754464673,
          0.6494037173410582
        ],
        [
          0.0,
          0.0,
          0.0,
          1.0
        ]
      ],
      "fl_x": 1363.3857148293177,
      "fl_y": 1358.910370855899,
      "k1": 0,
      "k2": 0,
      "p1": 0,
      "p2": 0,
      "cx": 960.0,
      "cy": 720.0,
      "w": 1920,
      "h": 1440,
      "mask_path": "masks/00000043.jpg"
    },
    {
      "file_path": "images/00000044.jpg",
      "frame_id": 44,
      "transform_matrix": [
        [
          -0.8822422456513924,
          -0.04716100262872949,
          0.4684276463009427,
          2.0051971720693036
        ],
        [
          0.46809144884815,
          -0.19435950400686058,
          0.8620410539628881,
          3.171204321130252
        ],
        [
          0.05038864458613577,
          0.9797960109294486,
          0.19354782732831688,
          0.6575742603004872
        ],
        [
          0.0,
          0.0,
          0.0,
          1.0
        ]
      ],
      "fl_x": 1363.3857148293177,
      "fl_y": 1358.910370855899,
      "k1": 0,
      "k2": 0,
      "p1": 0,
      "p2": 0,
      "cx": 960.0,
      "cy": 720.0,
      "w": 1920,
      "h": 1440,
      "mask_path": "masks/00000044.jpg"
    },
    {
      "file_path": "images/00000045.jpg",
      "frame_id": 45,
      "transform_matrix": [
        [
          -0.9335272160259617,
          -0.08374497370326199,
          0.3485881758153263,
          1.4731692667487262
        ],
        [
          0.3585027317564034,
          -0.21358420616106197,
          0.9087670648751225,
          3.2469174661061526
        ],
        [
          -0.0016517451417085618,
          0.9733286013767337,
          0.22940947120813876,
          0.6718663410212528
        ],
        [
          0.0,
          0.0,
          0.0,
          1.0
        ]
      ],
      "fl_x": 1363.3857148293177,
      "fl_y": 1358.910370855899,
      "k1": 0,
      "k2": 0,
      "p1": 0,
      "p2": 0,
      "cx": 960.0,
      "cy": 720.0,
      "w": 1920,
      "h": 1440,
      "mask_path": "masks/00000045.jpg"
    },
    {
      "file_path": "images/00000046.jpg",
      "frame_id": 46,
      "transform_matrix": [
        [
          -0.9749377373591099,
          -0.037605536397922315,
          0.21927661048393576,
          1.0085644227362232
        ],
        [
          0.22212324347046697,
          -0.22015996395643078,
          0.9498372781591922,
          3.4494344185999313
        ],
        [
          0.012556790324712623,
          0.9747386387657604,
          0.222995320833899,
          0.6859393825708859
        ],
        [
          0.0,
          0.0,
          0.0,
          1.0
        ]
      ],
      "fl_x": 1363.3857148293177,
      "fl_y": 1358.910370855899,
      "k1": 0,
      "k2": 0,
      "p1": 0,
      "p2": 0,
      "cx": 960.0,
      "cy": 720.0,
      "w": 1920,
      "h": 1440,
      "mask_path": "masks/00000046.jpg"
    },
    {
      "file_path": "images/00000047.jpg",
      "frame_id": 47,
      "transform_matrix": [
        [
          -0.9730918336849544,
          0.031710910456294414,
          0.2282251111812324,
          0.5688979117629442
        ],
        [
          0.21389795898580893,
          -0.24396120564179052,
          0.9459019998305898,
          3.534564795051489
        ],
        [
          0.08567348689856281,
